3999
7693
11058
11951
12610
17803
22032
25896
29730
33030
33985
34674
39482
44108
47905
51577
54836
55875
56545
61678
66386
70450
74275
77752
78865
79952
85847
90616
94403
98116
101088
101940
102635
107429
111130
114368
117318
118020
118755
119458
124000
128483
132256
135617
138833
139817
140503
145474
150460
154793
159470
163159
164321
165367
172895
181198
188714
196110
202793
204660
206065
217839
229806
240056
250825
259780
263606
266343
279206
292134
303387
311900
314272
316814
319466
332429
345332
354219
362285
369364
371944
374615
382938
390597
396847
402587
407007
408424
410101
415568
420139
423041
423871
424674
425378
426268
430657
433833
434979
438207
