time	angle	
ms	deg	
0	--
0,25	--
0,5	--
0,75	320
1	325
1,25	337
1,5	343
1,75	350
2	360
2,25	364
2,5	373
2,75	381
3	388
3,25	393
3,5	398
3,75	406
4	302
4,25	302
4,5	305
4,75	310
5	311
5,25	312
5,5	313
5,75	316
6	316
6,25	317
6,5	316
6,75	316
7	316
7,25	316
7,5	317
7,75	319
8	320
8,25	322
8,5	323
8,75	322
9	325
9,25	--
9,5	--
9,75	--
10	--
10,25	--
10,5	--
10,75	357
11	365
11,25	372
11,5	385
11,75	401
12	410
12,25	421
12,5	432
12,75	441
13	420
13,25	433
13,5	438
13,75	455
14	459
14,25	461
14,5	460
14,75	460
15	461
15,25	462
15,5	462
15,75	463
16	462
16,25	461
16,5	462
16,75	463
17	465
17,25	466
17,5	467
17,75	468
18	471
18,25	469
18,5	470
18,75	471
19	475
19,25	477
19,5	--
19,75	--
20	--
20,25	--
20,5	479
20,75	479
21	479
21,25	479
21,5	479
21,75	479
22	480
22,25	480
22,5	481
22,75	481
23	481
23,25	481
23,5	482
23,75	483
24	484
24,25	485
24,5	485
24,75	485
25	486
25,25	487
25,5	488
25,75	489
26	489
26,25	490
26,5	491
26,75	493
27	493
27,25	494
27,5	494
27,75	495
28	495
28,25	496
28,5	497
28,75	497
29	497
29,25	497
29,5	497
29,75	--
30	--
30,25	--
30,5	--
30,75	--
31	535
31,25	540
31,5	550
31,75	550
32	550
32,25	553
32,5	552
32,75	554
33	558
33,25	558
33,5	553
33,75	554
34	556
34,25	556
34,5	556
34,75	556
35	558
35,25	558
35,5	561
35,75	560
36	560
36,25	560
36,5	560
36,75	562
37	564
37,25	563
37,5	563
37,75	564
38	565
38,25	567
38,5	570
38,75	571
39	571
39,25	--
39,5	--
39,75	--
40	--
40,25	--
40,5	--
40,75	--
41	--
41,25	--
41,5	--
41,75	--
42	580
42,25	580
42,5	580
42,75	584
43	590
43,25	580
43,5	581
43,75	582
44	583
44,25	584
44,5	581
44,75	580
45	583
45,25	582
45,5	581
45,75	583
46	583
46,25	583
46,5	586
46,75	587
47	588
47,25	590
47,5	589
47,75	592
48	593
48,25	594
48,5	594
48,75	593
49	595
49,25	605
49,5	--
49,75	--
50	--
50,25	--
50,5	--
50,75	630
51	640
51,25	652
51,5	659
51,75	666
52	672
52,25	683
52,5	692
52,75	675
53	682
53,25	694
53,5	695
53,75	695
54	695
54,25	697
54,5	697
54,75	697
55	697
55,25	697
55,5	697
55,75	697
56	697
56,25	697
56,5	697
56,75	697
57	697
57,25	697
57,5	697
57,75	704
58	706
58,25	707
58,5	708
58,75	708
59	--
59,25	--
59,5	--
59,75	--
60	--
60,25	--
60,5	--
60,75	722
61	722
61,25	722
61,5	722
61,75	722
62	722
62,25	722
62,5	725
62,75	725
63	727
63,25	725
63,5	728
63,75	727
64	730
64,25	733
64,5	729
64,75	728
65	727
65,25	728
65,5	730
65,75	731
66	730
66,25	729
66,5	730
66,75	732
67	733
67,25	733
67,5	732
67,75	734
68	738
68,25	743
68,5	744
68,75	745
69	--
69,25	--
69,5	--
69,75	--
70	--
70,25	--
70,5	762
70,75	770
71	780
71,25	789
71,5	794
71,75	801
72	789
72,25	789
72,5	784
72,75	817
73	819
73,25	824
73,5	825
73,75	824
74	823
74,25	825
74,5	825
74,75	825
75	825
75,25	824
75,5	825
75,75	826
76	826
76,25	826
76,5	825
76,75	825
77	825
77,25	825
77,5	826
77,75	827
78	829
78,25	829
78,5	831
78,75	834
79	836
79,25	837
79,5	840
79,75	--
80	--
80,25	--
80,5	--
80,75	850
81	850
81,25	850
81,5	850
81,75	850
82	850
82,25	850
82,5	850
82,75	850
83	848
83,25	851
83,5	850
83,75	850
84	848
84,25	851
84,5	852
84,75	853
85	854
85,25	853
85,5	855
85,75	855
86	856
86,25	857
86,5	859
86,75	858
87	860
87,25	864
87,5	865
87,75	866
88	868
88,25	869
88,5	870
88,75	--
89	--
89,25	--
89,5	--
89,75	--
90	--
90,25	--
90,5	--
90,75	908
91	915
91,25	927
91,5	936
91,75	947
92	932
92,25	940
92,5	950
92,75	955
93	966
93,25	973
93,5	979
93,75	976
94	973
94,25	973
94,5	975
94,75	975
95	978
95,25	976
95,5	973
95,75	973
96	974
96,25	976
96,5	978
96,75	979
97	979
97,25	979
97,5	980
97,75	980
98	982
98,25	982
98,5	981
98,75	983
99	980
99,25	--
99,5	--
99,75	--
100	--
100,25	--
100,5	--
100,75	990
101	995
101,25	999
101,5	999
101,75	999
102	999
102,25	999
102,5	999
102,75	1010
103	1005
103,25	1000
103,5	1000
103,75	1000
104	1000
104,25	1000
104,5	1001
104,75	1001
105	1001
105,25	1001
105,5	1001
105,75	1005
106	1005
106,25	1006
106,5	1008
106,75	1009
107	1008
107,25	1010
107,5	1013
107,75	1015
108	1016
108,25	1017
108,5	1020
108,75	1025
109	1025
109,25	--
109,5	--
109,75	--
110	--
110,25	--
110,5	--
110,75	--
111	--
111,25	--
111,5	--
111,75	--
112	--
112,25	1083
112,5	1088
112,75	1086
113	1086
113,25	1088
113,5	1089
113,75	1088
114	1088
114,25	1089
114,5	1088
114,75	1089
115	1092
115,25	1091
115,5	1091
115,75	1091
116	1092
116,25	1092
116,5	1092
116,75	1092
117	1092
117,25	1093
117,5	1094
117,75	1095
118	1095
118,25	1097
118,5	1098
118,75	1101
119	--
119,25	--
119,5	--
119,75	--
120	--
120,25	--
120,5	--
120,75	--
121	1154
121,25	1158
121,5	1160
121,75	1168
122	1177
122,25	1166
122,5	1175
122,75	1097
123	1119
123,25	1116
123,5	1119
123,75	1122
124	1118
124,25	1117
124,5	1121
124,75	1120
125	1119
125,25	1118
125,5	1121
125,75	1125
126	1124
126,25	1124
126,5	1126
126,75	1129
127	1130
127,25	1132
127,5	1132
127,75	1134
128	1135
128,25	1138
128,5	1139
128,75	--
129	--
129,25	--
129,5	--
129,75	--
130	--
130,25	--
130,5	--
130,75	--
131	--
131,25	1194
131,5	1200
131,75	1206
132	1214
132,25	1217
132,5	1218
132,75	1217
133	1221
133,25	1225
133,5	1225
133,75	1225
134	1226
134,25	1228
134,5	1291
134,75	1293
135	1297
135,25	1299
135,5	1300
135,75	1301
136	1301
136,25	1304
136,5	1305
136,75	1304
137	1303
137,25	1304
137,5	1304
137,75	1306
138	1308
138,25	1309
138,5	1311
138,75	1314
139	1317
139,25	--
139,5	--
139,75	--
140	--
140,25	--
140,5	--
140,75	--
141	1325
141,25	1325
141,5	1325
141,75	1325
142	1325
142,25	1325
142,5	1325
142,75	1325
143	1327
143,25	1331
143,5	1329
143,75	1329
144	1331
144,25	1329
144,5	1329
144,75	1330
145	1332
145,25	1333
145,5	1335
145,75	1338
146	1338
146,25	1340
146,5	1344
146,75	1347
147	1345
147,25	1344
147,5	1345
147,75	1346
148	1348
148,25	1349
148,5	1350
148,75	1350
149	1350
149,25	--
149,5	--
149,75	--
150	--
150,25	--
150,5	--
150,75	1380
151	1385
151,25	1394
151,5	1401
151,75	1410
152	1417
152,25	1405
152,5	1415
152,75	1400
153	1410
153,25	1415
153,5	1415
153,75	1417
154	1417
154,25	1417
154,5	1417
154,75	1418
155	1418
155,25	1418
155,5	1418
155,75	1418
156	1418
156,25	1418
156,5	1419
156,75	1419
157	1420
157,25	1421
157,5	1422
157,75	1420
158	1421
158,25	1421
158,5	1423
158,75	1425
159	1425
159,25	--
159,5	--
159,75	--
160	--
160,25	--
160,5	--
160,75	1430
161	1430
161,25	1430
161,5	1430
161,75	1430
162	1430
162,25	1430
162,5	1430
162,75	1435
163	1435
163,25	1440
163,5	1440
163,75	1440
164	1440
164,25	1440
164,5	1440
164,75	1440
165	1440
165,25	1440
165,5	1440
165,75	1441
166	1442
166,25	1442
166,5	1442
166,75	1445
167	1445
167,25	1447
167,5	1450
167,75	1453
168	1453
168,25	1453
168,5	1453
168,75	1453
169	1455
169,25	--
169,5	--
169,75	--
170	--
170,25	--
170,5	--
170,75	1480
171	1490
171,25	1499
171,5	1504
171,75	1507
172	1511
172,25	1518
172,5	1512
172,75	1514
173	1514
173,25	1516
173,5	1519
173,75	1521
174	1523
174,25	1524
174,5	1526
174,75	1525
175	1526
175,25	1525
175,5	1526
175,75	1527
176	1527
176,25	1527
176,5	1526
176,75	1527
177	1526
177,25	1526
177,5	1528
177,75	1530
178	1532
178,25	1533
178,5	1533
178,75	1535
179	1540
179,25	--
179,5	--
179,75	--
180	--
180,25	--
180,5	--
180,75	--
181	1545
181,25	1545
181,5	1545
181,75	1545
182	1545
182,25	1545
182,5	1544
182,75	1548
183	1540
183,25	1544
183,5	1548
183,75	1554
184	1543
184,25	1545
184,5	1547
184,75	1548
185	1548
185,25	1548
185,5	1549
185,75	1551
186	1553
186,25	1551
186,5	1553
186,75	1553
187	1553
187,25	1553
187,5	1556
187,75	1558
188	1560
188,25	1561
188,5	1564
188,75	1565
189	--
189,25	--
189,5	--
189,75	--
190	--
190,25	--
190,5	--
190,75	1600
191	1605
191,25	1615
191,5	1626
191,75	1626
192	1626
192,25	1630
192,5	1640
192,75	1649
193	1659
193,25	1666
193,5	1673
193,75	1675
194	1678
194,25	1678
194,5	1680
194,75	1682
195	1681
195,25	1682
195,5	1681
195,75	1681
196	1683
196,25	1685
196,5	1685
196,75	1685
197	1686
197,25	1685
197,5	1684
197,75	1684
198	1685
198,25	1686
198,5	1687
198,75	1688
199	1690
199,25	1690
199,5	--
199,75	--
200	--
200,25	--
200,5	--
200,75	1692
201	1692
201,25	1692
201,5	1692
201,75	1692
202	1692
202,25	1692
202,5	1695
202,75	1692
203	1695
203,25	1694
203,5	1693
203,75	1705
204	1707
204,25	1698
204,5	1698
204,75	1698
205	1700
205,25	1702
205,5	1702
205,75	1703
206	1705
206,25	1706
206,5	1708
206,75	1709
207	1710
207,25	1713
207,5	1714
207,75	1716
208	1718
208,25	1717
208,5	1717
208,75	1719
209	--
209,25	--
209,5	--
209,75	--
210	--
210,25	--
210,5	--
210,75	--
211	--
211,25	1769
211,5	1772
211,75	1777
212	1782
212,25	1790
212,5	1795
212,75	1777
213	1782
213,25	1785
213,5	1787
213,75	1787
214	1792
214,25	1795
214,5	1795
214,75	1796
215	1800
215,25	1800
215,5	1800
215,75	1800
216	1800
216,25	1800
216,5	1800
216,75	1800
217	1800
217,25	1800
217,5	1803
217,75	1805
218	1805
218,25	1807
218,5	1807
218,75	1809
219	1810
219,25	--
219,5	--
219,75	--
220	--
220,25	--
220,5	--
220,75	--
221	--
221,25	--
221,5	1825
221,75	1826
222	1830
222,25	1830
222,5	1835
222,75	1830
223	1825
223,25	1824
223,5	1820
223,75	1822
224	1823
224,25	1822
224,5	1825
224,75	1829
225	1829
225,25	1831
225,5	1832
225,75	1834
226	1837
226,25	1836
226,5	1837
226,75	1837
227	1837
227,25	1837
227,5	1839
227,75	1841
228	1840
228,25	1842
228,5	1844
228,75	1845
229	--
229,25	--
229,5	--
229,75	--
230	--
230,25	--
230,5	--
230,75	--
231	1877
231,25	1885
231,5	1890
231,75	1890
232	1895
232,25	1892
232,5	1931
232,75	1938
233	1937
233,25	1941
233,5	1940
233,75	1941
234	1940
234,25	1941
234,5	1943
234,75	1943
235	1944
235,25	1945
235,5	1945
235,75	1945
236	1946
236,25	1944
236,5	1945
236,75	1946
237	1946
237,25	1947
237,5	1947
237,75	1949
238	1950
238,25	1952
238,5	1954
238,75	1954
239	1954
239,25	--
239,5	--
239,75	--
240	--
240,25	--
240,5	--
240,75	1960
241	1960
241,25	1960
241,5	1960
241,75	1965
242	1965
242,25	1965
242,5	1967
242,75	1967
243	1968
243,25	1969
243,5	1968
243,75	1972
244	1974
244,25	1978
244,5	1978
244,75	1981
245	1980
245,25	1982
245,5	1983
245,75	1985
246	1986
246,25	1988
246,5	1990
246,75	1991
247	1993
247,25	1994
247,5	1995
247,75	1995
248	1998
248,25	2000
248,5	2001
248,75	--
249	--
249,25	--
249,5	--
249,75	--
250	--
250,25	--
250,5	--
250,75	2030
251	2040
251,25	2050
251,5	2058
251,75	2055
252	2060
252,25	2067
252,5	2066
252,75	2070
253	2085
253,25	2100
253,5	2112
253,75	2125
254	2129
254,25	2130
254,5	2130
254,75	2130
255	2130
255,25	2130
255,5	2130
255,75	2130
256	2129
256,25	2129
256,5	2130
256,75	2130
257	2132
257,25	2130
257,5	2130
257,75	2132
258	2133
258,25	2135
258,5	2136
258,75	2138
259	2139
259,25	2139
259,5	2140
259,75	--
260	--
260,25	--
260,5	2145
260,75	2145
261	2145
261,25	2145
261,5	2145
261,75	2145
262	2150
262,25	2150
262,5	2150
262,75	2152
263	2155
263,25	2157
263,5	2150
263,75	2152
264	2152
264,25	2152
264,5	2152
264,75	2152
265	2152
265,25	2152
265,5	2155
265,75	2155
266	2155
266,25	2155
266,5	2155
266,75	2155
267	2155
267,25	2160
267,5	2160
267,75	2163
268	2165
268,25	2164
268,5	--
268,75	--
269	--
269,25	--
269,5	--
269,75	--
